RMiss   =  3.12930E-07
Ddtmiss =  9.32203E-04
