 RMiss =    1.00181950E-02
 DtMiss =    2.70838779E-03
