RMiss   =  8.10466E-02
Ddtmiss = -2.82907E-04
