 Rmiss  =    8.10465589E-02
 DtMiss =   -2.82907247E-04
