RMiss   =  5.86417E-02
Ddtmiss = -2.18802E-04
