 RMiss =    3.12929927E-07
 DtMiss =    9.32203024E-04
