 Rmiss  =    5.86416908E-02
 DtMiss =   -2.18801943E-04
