RMiss   =  1.00182E-02
Ddtmiss =  2.70839E-03
